[40.79744662150747,
 36.69893153696868,
 41.81571819190511,
 21.652387922056107,
 66.84060107231909,
 51.567496049237256,
 29.186591198054412,
 28.869078182448074,
 25.179301933048652,
 81.39075601848249,
 75.92450157535032,
 25.06544466838626,
 30.870535534840158,
 33.14363342907686,
 41.87691578840591,
 58.825421392711746,
 80.08185242408946,
 32.43798324799404,
 50.20470317181026,
 40.13275845852154,
 38.39024208204622,
 45.338886723226786,
 21.829091767392,
 84.48897153621613,
 56.71042207890489,
 41.73492240913701,
 32.44451117849036,
 24.647640917972566,
 30.140205811101758,
 48.03858521435035,
 49.19106010174272,
 22.413870437463135,
 36.572908004066235,
 44.71956079929084,
 30.402052114441062,
 46.88524261173885,
 52.476834496696036,
 46.89440866176151,
 34.979893570930216,
 55.87531129028216,
 59.65124686010489,
 36.8973112735544,
 40.21682295561454,
 27.532661536017788,
 23.40103451443918,
 23.123193096948434,
 46.037528023119386,
 53.4798260611554,
 35.05830695432234,
 44.60861754215323,
 23.62677772463725,
 63.27262872262177,
 55.713789858870115,
 55.19597312450631,
 47.71158036037685,
 36.5850812146053,
 50.58724397755238,
 66.90420924161855,
 41.65138653194293,
 22.234477454208136,
 27.75871955510981,
 33.33511312508796,
 20.809235573080496,
 37.84717528669362,
 40.281254491939656,
 55.06486273195787,
 24.513675278705417,
 60.0259719900808,
 72.81132894521068,
 69.15498279346312,
 22.501125265298416,
 45.72421426233743,
 56.17541354782445,
 39.71115995972173,
 41.05616826836822,
 39.24460142981521,
 39.57008513087928,
 62.410386140190816,
 37.43657777600951,
 40.970800691725266,
 44.616159557027885,
 23.14163087157064,
 60.09726608656661,
 27.160944562526538,
 52.8581343666631,
 36.651323953230474,
 37.18805804002539,
 60.83318137615688,
 31.005705953226382,
 22.60390150476486,
 46.44808207928415,
 24.38255665342359,
 43.83337619048746,
 25.621121132952435,
 19.713146226260495,
 23.235457379510514,
 49.99575757714087,
 27.858361840068415,
 55.50823592676681,
 52.56069129864255,
 27.209390295891918,
 32.998157461121515,
 40.40106473146633,
 82.28872006727453,
 63.86249522881483,
 28.226852237620903,
 67.1801054018408,
 22.80333289229401,
 41.97731378997512,
 42.07092681085049,
 26.669369981522706,
 30.475004910450938,
 43.275131761734585,
 49.396519730786544,
 54.14973576761499,
 78.57666525276662,
 77.0118641078761,
 64.71324189989232,
 39.238128848250184,
 66.07056502909931,
 68.43497242784876,
 37.224948275998834,
 57.152442981073094,
 60.09570927918292,
 62.85753622175301,
 35.883758592277594,
 50.14722393990888,
 54.393671891825576,
 29.947983790473323,
 47.06165651678819,
 52.210786947266875,
 59.42960210279069,
 26.27587739563282,
 46.68926805929724,
 45.65957934684874,
 30.698135948719578,
 19.944546516952613,
 67.05636897113352,
 59.82513779423124,
 38.6747713027579,
 53.13733444795941,
 30.953530683278736,
 33.81920938244369,
 66.3321937439254,
 23.87507059399361,
 0.0,
 0.0,
 0.0,
 0.0,
 0.0,
 0.0,
 0.0,
 0.0,
 0.0,
 0.0,
 0.0,
 0.0,
 0.0,
 0.0,
 0.0,
 0.0,
 0.0,
 0.0,
 0.0,
 0.0,
 0.0,
 0.0,
 0.0,
 0.0,
 0.0,
 0.0,
 0.0,
 0.0,
 0.0]